# name: wsu
# type: matrix
# rows: 50
# columns: 7
 1 -4.8 0.00166836384493693 0.000485893551536114 0.291239559650421 0.000485893551536114 0.00166836384493693
 2 -4.6 1.29581950728433e-11 1.10901126753122e-12 0.291239558053091 0.000485893552645125 0.00166836385789512
 3 -4.4 1.07185553978222 1.06831687123953 0.995602204262127 1.06880276479218 1.07352390364011
 4 -4.2 1.88233022322818e-10 2.004246925206e-11 0.995602204106227 1.06880276481222 1.07352390382835
 5 -4 0.0192907070215865 0.0309648184194468 1.00636244456535 1.09976758323167 1.09281461084993
 6 -3.8 1.00547568707528 1.06140906939834 1.02997028331446 2.16117665263001 2.09829029792521
 7 -3.6 1.15487110643203 0.56951346107475 0.839395828945747 2.73069011370476 3.25316140435724
 8 -3.4 0.0180739332878152 0.00614432618284348 0.83663636437048 2.7368344398876 3.27123533764506
 9 -3.2 1.30778627790318e-05 2.28702364332392e-05 0.836640010935751 2.73685731012403 3.27124841550784
 10 -3 0.00405958824149361 0.00668233013537534 0.837643249770345 2.74353964025941 3.27530800374933
 11 -2.8 1.05922697914613e-12 2.02450248615986e-12 0.837643249770692 2.74353964026143 3.27530800375039
 12 -2.6 1.09722752603484 1.40412590304431 0.948572176269879 4.14766554330575 4.37253552978523
 13 -2.4 4.70867414383163e-05 8.14523566943825e-05 0.948580589417696 4.14774699566244 4.37258261652667
 14 -2.2 6.58368505069073e-05 0.000113542025526447 0.948592273518902 4.14786053768797 4.37264845337718
 15 -2 2.40228413880428 1.8135084437175 0.879915615438761 5.96136898140547 6.77493259218146
 16 -1.8 0.639758480669114 0.29298828051064 0.843508812500212 6.25435726191611 7.41469107285057
 17 -1.6 1.09544274144229 1.36110099923973 0.894869390698134 7.61545826115584 8.51013381429286
 18 -1.4 6.39444605701017e-14 3.08548107446696e-15 0.894869390698128 7.61545826115584 8.51013381429293
 19 -1.2 0.0468419530417952 0.0738516129875507 0.89860133804474 7.68930987414339 8.55697576733472
 20 -1 1.0738910301832e-13 5.5507708228755e-15 0.898601338044729 7.6893098741434 8.55697576733483
 21 -0.8 2.71931116577629 1.61303775777019 0.824947758698713 9.30234763191359 11.2762869331111
 22 -0.6 0.562185369845405 0.809425394604465 0.854145093027988 10.1117730265181 11.8384723029565
 23 -0.399999999999999 1.00490703695533e-11 8.40897712188636e-13 0.854145093027334 10.1117730265189 11.8384723029666
 24 -0.2 1.07151356816241 1.29273621471428 0.883386655498784 11.4045092412332 12.909985871129
 25 0 2.64451032870518 1.55027027294711 0.832863973718314 12.9547795141803 15.5544961998342
 26 0.2 2.40009717164522 1.81247162366672 0.822477615188132 14.767251137847 17.9545933714794
 27 0.4 0.000781013372777474 0.000217120295560889 0.822453931709771 14.7674682581426 17.9553743848522
 28 0.600000000000001 0.0121701165138617 0.0196945566941816 0.822992970114115 14.7871628148368 17.967544501366
 29 0.8 0.741083801540699 1.04237879050765 0.846109150764677 15.8295416053444 18.7086283029067
 30 1 2.45882967857742 1.40506039575073 0.814202726476216 17.2346020010951 21.1674579814841
 31 1.2 3.25426542963424e-18 6.48552415645146e-18 0.814202726476216 17.2346020010951 21.1674579814841
 32 1.4 2.43466933995328e-06 4.81513406328852e-07 0.81420265557489 17.2346024826085 21.1674604161535
 33 1.6 1.3759155605058e-09 2.54841360055935e-09 0.814202655642359 17.234602485157 21.1674604175294
 34 1.8 1.01911331098366 1.16507418934569 0.829315824049764 18.3996766745027 22.1865737285131
 35 2 0.0155244380514176 0.00522288967423293 0.828971182187365 18.4048995641769 22.2020981665645
 36 2.2 0.00102918609178429 0.000290962381783641 0.828945861284571 18.4051905265587 22.2031273526563
 37 2.4 2.78594679627827 1.67208092316906 0.803441989489785 20.0772714497277 24.9890741489345
 38 2.6 1.08446396284405 1.40745540826345 0.824005041658906 21.4847268579912 26.0735381117786
 39 2.8 1.02534679272472 1.18103346485929 0.836409335761408 22.6657603228505 27.0988849045033
 40 3 0.00031407187820043 0.000533388459207212 0.836419324831876 22.6662937113097 27.0991989763815
 41 3.2 1.28906199354763e-06 2.45516202577773e-07 0.836419294104763 22.6662939568259 27.0992002654435
 42 3.4 1.20614270683769 1.13727426122746 0.840956714121558 23.8035682180533 28.3053429722812
 43 3.6 1.22057713588656 1.14559209010076 0.8449917976054 24.9491603081541 29.5259201081677
 44 3.8 2.97919351884348 1.98439524144955 0.82859441313327 26.9335555496036 32.5051136270112
 45 4 7.81917106187393e-05 1.89528811110339e-05 0.828593003009813 26.9335745024847 32.5051918187218
 46 4.2 2.57281066300038 1.88994042028108 0.821697727451403 28.8235149227658 35.0780024817222
 47 4.4 0.998223686308227 1.09339506002611 0.829269387641862 29.9169099827919 36.0762261680305
 48 4.6 1.4608917564519e-08 2.6725114102253e-08 0.829269388046849 29.916910009517 36.0762261826394
 49 4.8 2.3548275718781 1.7907332718958 0.825052664023965 31.7076432814128 38.4310537545175
 50 5 1.09020126801824 1.34347781294393 0.836287235198135 33.0511210943568 39.5212550225357
